H 1 2 3 
He 3 4
Li 6 7
Be 7 9 10 
B 10 11
C 12 13 14
N 14 15
O 16 17 18
F 19
Ne 20 21 22
Na 22 23
Mg 24 25 26
Al 26 27
Si 28 29 30 32
P 31 32 33
S 32 33 34 35 36
Cl 35 36 37
Ar 36 37 38 39 40 42 
K 39 40 41 
Ca 40 41 42 43 44 45 46 47 48
Sc 44 45 46 47 48
Ti 44 46 47 48 49 50 
V 48 49 50 51
Cr 50 51 52 53 54 
Mn 53 54 55
Fe 54 55 56 57 58 59 60
Co 56 57 58 59 60
Ni 56 57 58 59 60 61 62 63 64 66
Cu 63 65 67
Zn 64 65 66 67 68 70 72
Ga 67 69 71
Ge 68 69 70 71 72 73 74 76
As 71 72 73 74 75 76 77
Se 72 74 75 76 77 78 79 80 82 
Br 79 81
Kr 78 80 81 82 83 84 85 86 
Rb 83 84 85 86 87
Sr 82 84 85 86 87 88 89 90
Y 88 89 91
Zr 88 90 91 92 93 94 95 96
Nb 91 92 93 94 95
Mo 92 93 94 95 96 97 99 100
Tc 95 97 98 99
Ru 96 97 98 99 100 101 102 103 104 105 106
Rh 99 101 102 103
Pd 100 102 103 104 105 106 107 108 110
Ag 105 107 108 108 110
Cd 106 108 109 110 111 112 113 114 115 116
In 113 114 115
Sn 112 113 114 115 116 117 118 119 120 121 122 123 124 126
Sb 119 121 123 124 125 126 127
Te 118 120 121 122 123 124 125 126 127 128 129 130 132
I 124 125 126 127 129 131 
Xe 124 126 127 128 129 130 131 132 133 134 136
Cs 129 131 132 133 134 135 136 137
Ba 128 130 131 132 133 134 135 136 137 138 140
La 137 138 139 140
Ce 134 136 137 138 139 140 141 142 143 144
Pr 141 143
Nd 140 142 143 144 145 146 147 148 150
Pm 143 144 145 146 147 148 149 151
Sm 144 145 146 147 148 149 150 151 152 153 154
Eu 145 146 147 148 149 150 151 152 153 154 155 156
Gd 146 147 148 149 150 151 152 153 154 155 156 157 158 160
Tb 153 155 157 158 159 160 161
Dy 154 156 158 159 160 161 162 163 164 166
Ho 163 165 166
Er 160 162 164 166 167 168 169 170 172
Tm 165 167 168 169 170 171 172
Yb 166 168 169 170 171 172 173 174 176
Lu 170 173 174 175 176 177
Hf 172 174 175 176 177 178 179 180 181 182
Ta 177 179 180 181 182 183
W 178 180 181 182 183 184 185 186 188
Re 183 184 185 186 187 189
Os 184 185 186 187 188 189 190 192 193 194
Ir 188 189 190 191 192 193 
Pt 188 190 191 192 193 194 195 195 198
Au 194 195 197 198 199
Hg 194 196 198 199 200 201 202 203 204
Ti 200 201 202 203 204 205
Pb 202 204 205 206 207 208 210
Bi 205 206 207 208 209
Po 206 208 209 210 
At
Rn 222
Fr 
Ra 223 224 225 226 228
Ac 225 226227
Th 227 228 229 230 231 232 234
Pa 229 230 231 233
U 230 231 232 233 234 235 236 237 238
Np 234 235 236 237 238 239
Pu 236 237 238 239 240 241 242 244 246
Am 240 241 242 243
Cm 240 241 242 243 244 245 246 247 248 250
Bk 245 246 247 248 249
Cf 246 248 249 250 251 252 253 254
Es 251 252 253 254 255 
